83
35
2
10
63
36
99
96
55
54
53
8
46
19
93
16
38
7
0
15
55
86
71
66
3
95
51
50
74
21
39
10
57
42
20
72
78
19
68
85
26
21
45
24
93
90
41
83
97
93
98
4
79
22
70
34
69
22
37
44
95
28
54
4
70
26
77
0
45
97
37
23
71
82
48
16
25
41
99
22
34
97
79
65
71
49
52
41
23
89
37
71
17
43
75
40
69
4
40
66
2
30
90
25
64
90
41
89
31
40
64
17
89
43
82
13
44
34
6
68
75
43
39
93
86
14
85
7
71
77
73
73
7
15
98
72
57
91
61
88
83
25
57
24
68
40
37
13
26
43
33
2
38
24
47
24
90
32
31
61
9
57
34
69
72
84
41
82
27
2
70
10
80
80
35
48
20
24
13
98
68
98
52
6
22
99
83
13
83
66
74
45
75
61
66
0
97
7
82
25
61
4
87
41
84
74
90
56
51
55
55
19
54
7
77
76
59
12
41
94
31
68
91
6
29
57
6
26
16
88
3
78
93
43
19
77
17
61
86
68
17
41
39
23
0
69
51
11
33
93
58
64
61
49
23
42
59
29
20
75
70
76
53
15
19
25
44
88
86
30
9
55
71
0
30
24
21
82
35
55
27
93
71
40
95
94
34
54
24
54
81
46
30
87
61
1
12
5
90
98
36
51
6
59
51
36
83
25
70
71
80
49
16
51
89
11
46
75
17
22
30
51
68
12
38
29
14
50
34
56
0
70
59
58
82
62
47
65
87
17
88
19
67
5
71
8
68
69
84
38
43
66
89
63
78
79
92
44
81
78
52
33
1
63
92
83
26
91
0
65
8
89
85
27
94
8
88
14
29
24
52
72
90
93
35
20
72
79
17
5
57
21
39
10
85
83
93
63
74
94
28
34
35
65
14
81
73
2
95
2
26
0
26
68
93
13
40
18
92
57
23
2
79
14
12
16
97
6
79
71
52
59
58
87
25
72
68
50
26
15
5
52
15
31
72
9
45
12
79
89
70
2
91
1
17
4
17
66
62
48
90
66
7
48
5
84
20
25
35
46
40
40
50
56
23
74
17
68
86
96
10
8
50
1
9
19
5
78
86
19
78
76
85
38
24
42
22
96
67
9
94
8
1
96
16
25
70
33
45
56
81
55
17
31
57
26
51
14
57
89
86
87
65
23
25
41
66
0
89
33
9
35
93
11
31
9
88
1
42
85
9
75
41
26
59
50
5
62
16
14
51
2
1
68
78
27
61
44
79
2
77
88
37
23
51
68
32
91
21
27
77
82
2
18
61
61
20
66
23
36
32
26
91
85
46
69
12
7
65
43
9
94
32
46
17
35
66
50
27
39
77
4
22
31
74
83
45
46
1
20
82
85
47
25
70
93
46
35
53
11
78
62
6
62
61
23
98
79
25
77
19
54
33
93
86
59
28
83
5
81
3
87
66
2
65
88
48
11
23
1
23
54
15
29
16
76
4
66
56
30
43
27
36
28
20
22
87
48
57
92
81
61
32
47
63
97
35
63
8
11
64
83
65
80
64
33
8
69
0
64
51
95
43
87
24
63
62
63
63
19
56
44
32
88
43
48
37
79
11
45
42
76
81
7
8
45
40
16
14
92
81
17
88
24
57
64
40
19
27
3
90
35
0
75
23
43
23
12
74
86
10
16
62
91
23
70
36
16
39
3
8
72
20
48
96
77
12
88
48
92
44
91
27
44
66
3
87
41
15
62
27
25
78
42
16
54
64
53
22
3
8
82
75
28
31
24
58
95
12
6
39
8
49
67
52
67
70
92
8
37
54
88
63
84
30
31
90
46
36
12
2
44
95
77
73
78
53
83
25
18
89
65
26
91
84
31
58
54
23
19
43
77
7
6
13
89
90
4
87
26
68
89
23
63
67
96
93
72
31
19
90
20
36
69
63
20
0
22
26
23
93
69
52
0
28
65
41
18
21
28
96
90
18
19
5
37
15
99
9
98
70
52
19
58
21
34
78
21
8
4
44
1
25
48
53
53
13
94
71
35
75
68
77
45
87
82
82
55
33
43
53
3
47
24
61
68
11
91
41
19
47
37
21
73
85
74
26
51
21
50
38
96
70
15
41
9
97
23
16
31
18
70
86
66
46
0
86
57
91
80
77
39
17
50
12
3
24
90
6
45
92
44
93
62
59
34
72
8
9
88
91
28
10
78
46
9
78
84
18
69
64
47
60
82
97
24
37
74
15
43
71
59
39
65
22
98
99
46
58
9
