35
83
2
10
36
63
96
99
54
55
8
53
19
46
16
93
7
38
0
15
55
86
66
71
3
95
50
51
21
74
10
39
42
57
20
72
19
78
68
85
21
26
24
45
90
93
41
83
93
97
4
98
22
79
34
70
22
69
37
44
28
95
4
54
26
70
0
77
45
97
23
37
71
82
16
48
25
41
22
99
34
97
65
79
49
71
41
52
23
89
37
71
17
43
40
75
4
69
40
66
2
30
25
90
64
90
41
89
31
40
17
64
43
89
13
82
34
44
6
68
43
75
39
93
14
86
7
85
71
77
73
73
7
15
72
98
57
91
61
88
25
83
24
57
40
68
13
37
26
43
2
33
24
38
24
47
32
90
31
61
9
57
34
69
72
84
41
82
2
27
10
70
80
80
35
48
20
24
13
98
68
98
6
52
22
99
13
83
66
83
45
74
61
75
0
66
7
97
25
82
4
61
41
87
74
84
56
90
51
55
19
55
7
54
76
77
12
59
41
94
31
68
6
91
29
57
6
26
16
88
3
78
43
93
19
77
17
61
68
86
17
41
23
39
0
69
11
51
33
93
58
64
49
61
23
42
29
59
20
75
70
76
15
53
19
25
44
88
30
86
9
55
0
71
24
30
21
82
35
55
27
93
40
71
94
95
34
54
24
54
46
81
30
87
1
61
5
12
90
98
36
51
6
59
36
51
25
83
70
71
49
80
16
51
11
89
46
75
17
22
30
51
12
68
29
38
14
50
34
56
0
70
58
59
62
82
47
65
17
87
19
88
5
67
8
71
68
69
38
84
43
66
63
89
78
79
44
92
78
81
33
52
1
63
83
92
26
91
0
65
8
89
27
85
8
94
14
88
24
29
52
72
90
93
20
35
72
79
5
17
21
57
10
39
83
85
63
93
74
94
28
34
35
65
14
81
2
73
2
95
0
26
26
68
13
93
18
40
57
92
2
23
14
79
12
16
6
97
71
79
52
59
58
87
25
72
50
68
15
26
5
52
15
31
9
72
12
45
79
89
2
70
1
91
4
17
17
66
48
62
66
90
7
48
5
84
20
25
35
46
40
40
50
56
23
74
17
68
86
96
8
10
1
50
9
19
5
78
19
86
76
78
38
85
24
42
22
96
9
67
8
94
1
96
16
25
33
70
45
56
55
81
17
31
26
57
14
51
57
89
86
87
23
65
25
41
0
66
33
89
9
35
11
93
9
31
1
88
42
85
9
75
26
41
50
59
5
62
14
16
2
51
1
68
27
78
44
61
2
79
77
88
23
37
51
68
32
91
21
27
77
82
2
18
61
61
20
66
23
36
26
32
85
91
46
69
7
12
43
65
9
94
32
46
17
35
50
66
27
39
4
77
22
31
74
83
45
46
1
20
82
85
25
47
70
93
35
46
11
53
62
78
6
62
23
61
79
98
25
77
19
54
33
93
59
86
28
83
5
81
3
87
2
66
65
88
11
48
1
23
23
54
15
29
16
76
4
66
30
56
27
43
28
36
20
22
48
87
57
92
61
81
32
47
63
97
35
63
8
11
64
83
65
80
33
64
8
69
0
64
51
95
43
87
24
63
62
63
19
63
44
56
32
88
43
48
37
79
11
45
42
76
7
81
8
45
16
40
14
92
17
81
24
88
57
64
19
40
3
27
35
90
0
75
23
43
12
23
74
86
10
16
62
91
23
70
16
36
3
39
8
72
20
48
77
96
12
88
48
92
44
91
27
44
3
66
41
87
15
62
25
27
42
78
16
54
53
64
3
22
8
82
28
75
24
31
58
95
6
12
8
39
49
67
52
67
70
92
8
37
54
88
63
84
30
31
46
90
12
36
2
44
77
95
73
78
53
83
18
25
65
89
26
91
31
84
54
58
19
23
43
77
6
7
13
89
4
90
26
87
68
89
23
63
67
96
72
93
19
31
20
90
36
69
20
63
0
22
23
26
69
93
0
52
28
65
18
41
21
28
90
96
18
19
5
37
15
99
9
98
52
70
19
58
21
34
21
78
4
8
1
44
25
48
53
53
13
94
35
71
68
75
45
77
82
87
55
82
33
43
3
53
24
47
61
68
11
91
19
41
37
47
21
73
74
85
26
51
21
50
38
96
15
70
9
41
23
97
16
31
18
70
66
86
0
46
57
86
80
91
39
77
17
50
3
12
24
90
6
45
44
92
62
93
34
59
8
72
9
88
28
91
10
78
9
46
78
84
18
69
47
64
60
82
24
97
37
74
15
43
59
71
39
65
22
98
46
99
9
58
